300630
603833
603178
600540
002774
603227
603133
603388
002526
603768
300631
300276
603717
300622
002857
603811
603991
300398
002855
603138
300620
603040
300623
002819
603955
603656
600579
300626
002858
002845
000617
002853
300628
603960
300618
300629
300625
300621
000151
603517
000413
600970
603179
300627
002856
002274
603903
600099
600773
002851
600165
000560
603628
002516
002066
002460
300346
002807
002700
002683
000159
002708
002447
002479
600592
600750
600251
002651
600962
000928
002749
300140
601008
600581
000752
600860
002799
002044
002805
600359
600736
603869
002359
300296
600419
603986
300180
000762
600075
002277
300344
601199
300225
600116
300056
300416
002207
600814
000710
002802
000963
600552
300159
300338
603618
002490
600428
300236
603126
002371
300456
300304
002489
600768
002798
600734
300451
000532
600139
601058
002192
300578
600876
002506
600984
000678
000020
603626
002341
601919
002085
603330
002138
000534
000758
002189
300008
002148
000411
002663
300095
002488
000902
000828
000680
600346
600191
600509
000533
002389
300238
002466
000778
600418
002028
002765
300312
600828
002306
002112
002116
002034
002692
300430
002182
000880
600749
603166
600538
002259
600633
603288
002158
002678
002779
600311
600883
600091
300445
600076
600179
000910
002589
603669
600242
600105
600012
603898
002806
002407
600338
002084
600340
300521
002342
002033
300401
000615
300545
600363
002521
600051
600819
300446
600380
600326
002775
601375
002037
300340
000725
002549
603838
300136
002497
002295
600781
002647
600660
300523
300031
002074
300172
002080
603328
002214
600793
603023
000662
300316
600727
002709
300420
600095
600287
002433
000040
601011
601020
002453
600080
600158
600290
601607
600268
600432
300083
002077
600122
002108
603993
002100
002536
002221
300121
000557
601799
600506
002204
601866
000798
300106
002469
603996
300104
002430
002289
300138
603239
300101
300167
600114
000779
002332
601007
300269
000607
002654
000509
600985
002322
002563
000663
601222
000736
600971
603005
300032
603009
000544
603333
002196
002653
002769
002493
601718
603006
002499
600250
600885
600796
300466
000997
300210
002185
002096
300041
300181
002772
002841
000728
002734
603528
600331
300453
600488
600578
002216
002090
002565
000546
002239
002246
002287
002203
600271
603003
600275
300275
600261
000050
600135
300169
002375
600719
300567
600083
600137
300327
002572
002669
002626
600647
601668
002349
300305
300323
000421
600884
600299
300376
600098
300382
600663
000782
300166
300438
002410
300227
600667
002021
002002
000420
000503
000062
000502
600756
600343
600495
300400
000983
600429
600693
300221
600226
601313
603323
600652
002231
600777
601231
600377
002696
603008
603822
002302
300349
000968
000608
603698
601872
600383
002555
603088
000538
000565
600570
300373
600256
002226
600782
600283
300475
002660
300448
600168
600775
002715
002215
000401
600175
300558
300206
300003
600260
002346
603818
300137
600981
000712
000585
300436
000616
000622
300562
300203
600056
000965
002176
300290
300072
600865
002103
002126
000962
600992
300061
603315
603429
600215
000665
601500
600184
000426
002728
600433
300188
002026
000028
000893
000939
603222
600569
002062
603667
000691
600759
600555
300107
601996
300272
002370
300534
600516
002612
300503
000430
600721
000868
600196
002381
300413
600711
300194
600854
300288
002727
000703
300214
000030
600546
300091
603169
300248
002225
002146
600182
601117
000423
600562
000043
000759
002730
601155
600666
002356
600614
000978
002491
002278
300488
300096
300471
000554
000555
002487
600029
601801
300103
600378
600385
600522
002279
300408
000039
603393
000009
600064
300318
002746
600990
600159
002275
603019
000903
000882
300342
603997
300122
300084
300378
603589
002143
000906
002334
600529
002553
600189
002627
300017
002330
002240
002445
300028
600763
300135
002459
000070
002494
300258
002613
002059
002424
000004
600475
600010
300108
600248
002637
600461
002697
300183
601997
300019
000685
002173
300303
600503
603300
600362
601811
000918
300030
002475
600386
000511
300048
002827
300139
300046
002594
002261
000919
300419
600568
000609
300425
000999
002390
002117
000985
603306
603678
603077
000810
000996
600055
002164
002580
600192
601678
002268
600397
300157
300370
000933
002048
002598
600507
000702
603989
000529
300160
000709
002564
300153
600873
600423
601999
600009
002801
002667
300414
603958
600510
600729
300283
000338
600908
002640
002485
002091
002357
300343
002006
300250
000858
300038
600830
600780
600487
300491
002376
002069
300537
300076
300217
000561
000917
002032
002732
002726
600702
002340
000591
000404
300380
002141
600107
000619
300200
002366
002038
002823
300102
603025
600841
300341
002478
002848
300506
300287
600291
002604
600628
600460
600787
000859
600405
600132
600096
002211
002712
000661
603117
600382
002194
600267
000650
600090
002722
300115
002101
300117
600644
601101
300093
600790
601099
600459
300286
603630
601567
002821
600615
603799
002695
000932
300205
601238
300132
300329
002796
600026
000610
300085
600193
600421
300130
600111
601021
600886
603969
300098
300441
000629
600715
601126
002114
600519
600758
000713
000541
300240
000520
603069
600868
002130
000898
000031
002778
300302
002043
300105
600549
600737
002220
600211
002530
600337
300330
300242
000901
603828
002301
000875
002514
600365
600623
600007
300473
300279
002471
000570
002209
000055
600187
600809
000002
300187
000852
002157
600356
000995
300434
002057
600037
000926
300175
002599
002254
603616
603636
000972
601339
600371
300337
601519
600166
000822
600301
300099
600808
300321
600597
300161
300399
000937
000930
600682
600303
000960
300193
603889
000816
002338
000651
002409
600119
002588
002229
002461
002161
600530
603017
002458
600361
300263
300116
000878
000807
002470
000823
002337
000402
002144
600446
000568
300301
002523
000523
600861
603859
002457
600740
002222
002165
600765
002252
300462
002315
002597
601958
603999
002045
002326
002125
600648
600619
002767
000698
002071
601128
000700
002557
000603
002751
002793
002645
002441
300089
601388
000948
300335
000668
002404
000679
002809
002119
002620
002110
600741
300257
300074
300285
600252
002272
000895
300267
000936
600687
601992
600571
002586
600966
000883
002251
600058
600810
002752
002378
002467
300351
601618
601928
300492
601002
600882
600778
600704
603558
000096
600617
600792
000889
603601
002393
600690
600163
600598
002691
600370
600575
600798
300339
000806
002227
000589
600152
603020
002435
600482
002223
002293
300498
600348
600300
002550
600497
300270
300273
000718
600476
002135
600583
600237
002512
300059
002666
601158
600415
000035
600222
600452
600513
300195
000961
300294
002320
000518
002190
600126
601599
000599
300412
600094
000025
002481
601016
002397
002452
002427
601777
601601
600309
600846
002058
000833
002569
300043
002729
002199
600584
600723
002633
002218
002172
603123
002518
300158
601766
002290
601965
300062
000567
600176
600699
002770
600980
002716
000793
300386
300146
603167
000633
300211
300259
000536
002465
300256
002027
600526
000786
002063
300233
600498
300092
600335
002579
600276
600323
300371
600573
002567
000701
300218
600278
002281
002197
300033
000408
002304
002771
300409
000792
002694
300298
300497
000590
300009
600585
000501
300348
603101
002759
300426
300220
300097
002415
603885
603588
603559
603555
603399
603398
603369
603345
603322
603311
603268
603131
603111
603108
603085
603010
601818
601789
601727
601717
601700
601688
601588
601558
601518
601398
601328
601288
601258
601216
601168
601113
601005
600979
600978
600975
600890
600871
600869
600867
600859
600855
600834
600829
600826
600812
600807
600747
600735
600733
600725
600696
600681
600675
600673
600671
600657
600655
600654
600649
600645
600636
600635
600626
600609
600602
600596
600590
600586
600561
600560
600559
600556
600551
600533
600512
600500
600493
600490
600485
600481
600469
600466
600462
600406
600400
600387
600375
600358
600310
600302
600289
600280
600277
600265
600257
600255
600246
600239
600231
600229
600228
600225
600209
600173
600157
600155
600151
600146
600145
600143
600136
600128
600108
600068
600023
600022
600019
600011
300543
300535
300526
300518
300510
300490
300486
300479
300478
300472
300469
300467
300465
300460
300440
300428
300423
300405
300392
300384
300367
300364
300322
300320
300319
300315
300309
300271
300268
300266
300264
300247
300235
300232
300226
300223
300212
300209
300201
300192
300185
300165
300152
300149
300148
300134
300120
300119
300118
300109
300088
300077
300068
300065
300057
300051
300050
300025
300016
002839
002816
002813
002812
002803
002787
002747
002745
002741
002740
002735
002724
002717
002699
002685
002681
002675
002670
002664
002655
002652
002638
002630
002623
002608
002606
002600
002596
002578
002576
002575
002547
002541
002540
002513
002510
002509
002505
002492
002486
002480
002468
002464
002443
002437
002426
002418
002417
002411
002400
002386
002379
002372
002363
002336
002329
002316
002309
002299
002283
002282
002280
002276
002270
002269
002260
002255
002248
002245
002243
002228
002212
002195
002193
002186
002178
002175
002168
002162
002134
002132
002129
002128
002121
002115
002113
002104
002102
002082
002076
002075
002072
002068
002061
002055
002050
002049
002025
002012
001896
000982
000981
000979
000969
000953
000949
000938
000935
000922
000920
000916
000913
000912
000862
000830
000829
000821
000803
000761
000755
000733
000723
000720
000716
000708
000697
000693
000686
000682
000673
000671
000630
000613
000612
000611
000597
000595
000584
000571
000558
000526
000524
000516
000429
000301
000157
000153
000042
000034
000032
000029
000010
000007
300442
603368
601318
300357
300396
603189
600976
603577
600318
300073
300432
300476
000666
300141
603866
600605
002543
600634
002438
600079
600892
300363
002184
600588
600845
300359
600827
002763
600118
000019
002707
000911
600458
600463
002756
603888
600621
300063
000409
600831
600618
600422
000726
600262
603309
600717
002448
601009
300213
600850
300381
601368
002703
002545
000060
603338
000835
300039
002086
600444
600197
600206
603366
600517
002450
000950
000797
601088
002786
300164
000688
000063
002241
601628
601336
002649
000777
600880
000637
002368
300292
300198
002750
300375
300015
600390
002456
601006
601989
600532
002297
600227
002198
600150
002017
300171
600572
600565
601877
002768
000638
002570
002367
002682
002442
300254
000711
603519
000681
300014
600604
002718
000056
002800
600917
600611
601633
600328
601179
300196
600594
002054
002603
000652
601939
600739
600313
600117
300147
600035
002149
300421
300170
300277
600312
300245
300125
300133
300584
600926
300482
002039
300035
000886
600000
603026
002191
002007
300274
002537
600213
601107
603012
300474
600726
300189
300365
300011
601169
300483
300595
000887
300005
300493
300052
300058
000001
601636
300464
000888
600677
000089
603168
002015
002631
600325
601888
002648
002428
300022
300450
600857
000788
002776
002065
300324
002566
601699
601808
002210
300569
600220
002022
601929
601226
600746
002167
002625
300568
600292
300255
300394
002291
300360
600511
000667
600566
300191
002551
300042
600336
601988
300176
000100
002200
002024
000657
002731
300110
300387
600714
600959
002118
300278
600067
600392
000027
300168
300336
002528
600235
600783
600689
600410
002350
600535
600836
300070
300332
600997
600691
300154
600848
002533
600858
600795
000727
600327
600038
000166
603988
300047
601788
002089
600642
600599
000677
002742
601015
603778
600755
000659
600967
000683
600308
000791
002005
601898
000598
000150
000881
000732
601566
000626
002004
600606
600479
002266
002797
600420
000539
002616
600203
600748
002099
600563
600435
600838
300239
600306
002351
603608
300029
002294
002846
002060
000018
600062
601669
002250
000596
600844
002213
000587
600557
603066
002219
002592
600081
600061
600077
600448
600072
002484
600054
000729
000627
601010
300127
600754
300002
603599
300113
601798
600823
000970
002408
000069
002463
002591
002051
300251
600730
002477
002535
300079
300306
600238
601118
300295
600100
300162
600401
000090
600743
600030
002698
300190
603968
601012
002483
300347
600391
300307
000061
300155
300244
300087
002425
300231
000635
002232
603021
001696
600676
300314
600389
600436
603518
600688
600008
300468
000008
603609
600236
600825
000564
002736
300208
000593
600369
300174
002743
002498
000419
002690
603100
600149
300334
600637
603868
002403
002093
603188
300385
600543
600684
002602
600129
603843
300124
600082
601225
601166
000572
300457
300012
600703
002658
600212
300243
000576
600712
002318
000760
300045
002120
002285
002817
300086
300179
000620
600321
002016
002615
002587
000800
600162
600161
300410
600070
000531
600900
002177
600316
002482
600297
600653
300494
002503
603729
600339
300605
002180
000931
300452
600837
002131
002047
002500
600127
002263
603567
000952
002495
600536
002782
002622
603798
002312
000860
000655
300253
002235
002719
600774
601881
600661
300026
601555
300228
000766
601886
000958
002473
300234
300143
000415
300094
000998
600097
300598
000559
600567
002183
600103
002380
601918
300075
002018
300459
002584
000799
000776
600864
600580
600744
000988
000333
300054
600803
002358
603789
000863
300356
002454
002665
002659
600333
002159
600545
600707
000783
300388
600851
600368
600230
002369
600170
002527
300435
002583
600789
600483
000990
000410
000750
600307
002416
600208
002156
601908
600133
600639
001979
002339
002757
002154
000838
300354
600395
300224
600694
601968
002474
300391
002395
601677
002187
600785
300525
600123
300163
600525
000023
002714
002687
000909
300262
002324
002234
002208
000801
601616
002364
300333
300325
002170
601001
000417
002539
601390
002181
002672
600958
002111
300241
600895
600662
600366
600724
601969
600399
002095
601198
002273
002629
600036
600232
000813
000908
300010
002624
000038
300487
002542
000751
600817
600016
300082
000656
600028
000006
600811
000768
600240
600408
600379
002693
600320
600622
600177
002611
002406
603611
600624
601800
603030
600467
603198
002573
002593
000543
600582
002286
600006
300021
600210
002267
002753
601218
002420
603456
600269
002127
300204
601211
600650
000989
300128
002585
300606
300145
002760
600315
600539
300390
300507
002343
600751
000692
600258
300090
002446
601139
600439
600977
000705
603899
600969
002106
002502
300184
002517
000586
601377
002538
600674
603520
002643
600351
600416
600199
300150
000767
600195
603116
000078
002529
603099
002711
300069
000049
600027
600919
000012
300449
002725
002738
300111
002515
000045
002355
600109
300126
601069
600033
002140
300215
002815
300546
002826
002621
603696
600477
002414
002362
002133
002256
000790
601985
002042
601186
300470
600288
000825
000048
600073
000510
600987
000601
000915
002092
002325
002766
000600
002679
000036
002556
002810
601098
600547
002560
000955
600999
600354
600398
600110
603018
002247
000795
000722
300229
600791
002344
002013
002097
600745
600630
600499
601899
002087
600821
600824
300431
000861
601229
300389
603808
600221
600612
000550
300366
002142
603060
600893
600496
000721
002150
600638
300178
002107
601857
000738
002688
600120
601933
600528
600678
600843
002307
603000
600219
002152
600600
000890
600305
600259
000504
002721
002733
002422
000826
600863
002145
002646
601116
000899
000005
002619
600048
000636
603777
300489
603939
603158
002237
600757
002401
600961
300417
603568
600705
600141
002382
603355
600088
600587
300403
600270
000605
000639
600200
002644
300297
002284
000977
002201
603918
603199
300350
600373
600329
601127
600180
600015
000876
002574
600866
000850
600053
002311
000731
603600
300607
600396
600523
601900
002331
002607
300313
600862
300199
600332
300317
002785
600063
600478
002432
000631
002122
002394
000623
000566
000966
000900
000809
002348
600188
000059
000971
000422
600468
000428
600518
600372
002153
000088
600186
002151
603606
002472
600909
600074
002544
002288
300308
002088
002531
600284
601689
600020
002079
002739
600449
600352
300407
600651
000065
300513
300531
603299
300023
300326
600031
600198
002440
000628
002705
600771
600282
002444
000505
600716
300040
600874
300131
002078
600531
002628
000695
603658
002377
002562
603726
600668
000735
002314
000017
600640
603318
600086
600101
000016
600610
000400
000785
000987
600317
600835
002662
600169
300202
600059
000976
600216
600550
603598
600520
600376
002713
300081
601595
000547
000625
000068
002020
601106
600839
600345
002262
600527
002554
600685
300418
300499
300439
600355
002345
600021
600664
002755
002546
002519
600889
600894
600820
000837
002298
300601
600995
300018
002019
601311
600501
600988
300114
300280
002354
300512
600629
600050
002300
600185
002305
002617
000836
002702
300013
002067
000488
300429
000011
600489
000519
002413
002003
002160
002423
600438
000592
300007
002748
300369
600207
603001
601208
600779
600713
600982
600153
600138
600272
002365
300437
300455
002242
000058
603313
002657
002635
300024
600381
002073
000552
000739
002781
002023
002011
603016
300006
002605
002676
002249
002313
600409
002224
300246
600388
600160
002174
600616
002439
000537
300328
002614
600881
600233
601890
603998
600491
000530
000802
300447
002166
600695
002030
000719
300458
603515
600455
300352
601998
601579
002561
300485
600537
600004
300260
002014
000521
002656
000815
300067
600697
002317
601163
300173
603022
300265
002264
002758
600285
601177
002609
600505
600870
000676
603223
002650
000753
600593
000046
600665
000014
000848
000897
000582
300397
603766
601038
600350
002436
002634
600393
300261
601018
002398
000021
600784
002671
600201
000780
000687
000707
000425
300463
600769
600171
002396
601003
601369
600776
000632
300284
600816
600060
600589
600887
603919
600879
300289
000929
600548
300197
603002
300080
002532
002504
600279
002035
600018
600156
002083
000513
000811
000993
600057
002323
002333
601666
300345
603779
600121
002429
300177
002233
002029
601515
002701
002179
000581
300049
600515
000757
002070
000851
600298
300123
600104
300252
000796
002405
600106
603566
601100
300207
002641
002001
000715
603038
300182
600039
600241
002434
603308
300527
300444
300281
600960
600679
000877
000957
000418
600805
000540
002009
600595
002360
600620
600708
600273
600247
600833
002098
600223
300020
002399
300566
000690
002632
603738
002520
600052
600722
601028
603816
300027
600993
600767
603788
600896
002737
000869
300219
002205
601333
002507
300053
300071
601600
000892
002387
603633
002783
300299
300500
002236
600093
603015
603508
601608
600508
000066
002169
002163
600986
300548
300422
300358
002374
002522
002496
600558
300249
300001
601000
300395
002680
600706
002124
002686
002008
600728
002642
603819
600872
300100
600801
600113
300433
600641
000022
603686
002292
603011
601901
600658
002327
600295
600815
002451
601966
002577
600897
300300
000026
600794
000670
002202
300515
600973
601233
600125
603901
600983
300557
600856
002661
002795
600066
600017
000517
600753
603389
002238
002581
300368
000156
600470
000959
600131
000158
300611
600804
300383
002476
300585
600761
002081
600148
300066
300377
300311
603688
002674
002385
002046
603033
603339
300600
000099
300530
603031
603421
300112
300576
002392
300230
002601
002788
002361
002559
601611
600319
600112
300064
002296
603909
603806
002830
600456
600847
603027
600367
600766
300144
600613
300415
603128
300528
002777
002455
300055
002384
600249
000506
002421
002534
300484
600115
600322
600085
002558
002188
600330
002610
000831
002319
300078
603959
600738
600936
002155
600963
300036
600998
000973
300142
600718
600425
000672
002723
000606
002402
002230
300529
300536
002206
002811
600190
600608
300583
600353
600172
002818
000563
002036
300129
300549
002244
002449
300237
002391
300550
600266
002684
300511
600502
000819
000553
002822
002347
002761
600891
300424
300004
002064
300522
600202
000789
002308
600720
002328
300517
600217
002431
600601
002639
300362
600089
603800
002353
601880
002548
603028
002636
002041
600888
600426
000717
603936
600293
002832
600818
002137
002271
600965
000528
000737
601212
300353
600576
002571
000573
002056
600877
300151
002031
300293
002829
300379
600281
600853
002412
603067
002383
000812
002303
000756
603098
002668
000856
603718
300480
002511
300516
000514
300519
002673
002171
002373
002677
002253
300563
300501
002321
300571
300502
300593
603703
002147
603203
000951
000975
300505
603887
000980
000925
300477
600486
600797
002388
002706
002419
603699
002582
002258
600071
002501
600683
600701
300156
600764
300520
300615
000403
300034
002791
300542
002040
603701
600178
002508
300481
002568
600130
300331
300393
300291
002139
603090
600521
000548
300586
000923
002010
300310
603556
300222
603977
603878
603569
603029
000905
600480
002052
603037
603579
300589
600069
002335
000416
603319
002265
300044
000967
300411
002773
300508
300402
300565
002462
002590
600243
002837
603677
300581
300216
300602
002780
300282
603337
603858
603979
002595
002123
603032
600218
300374
603861
300560
300427
000921
000551
002352
002310
600078
601111
002820
002833
000669
603708
300037
600183
600167
002105
000818
603089
600686
600731
603035
000507
000927
300496
603160
300406
300608
603336
603377
603663
002689
300592
300495
603228
002847
300532
600822
600577
600742
600643
603883
002094
300561
002762
603900
603416
300590
002524
300559
600875
000885
300461
300553
002824
300570
002828
002840
601882
300580
603727
603987
603578
300540
603208
603159
002836
300551
603358
300541
600802
603058
300509
300404
002835
300556
002831
000407
300573
600760
300579
300555
600770
002217
300538
603928
000037
603238
300587
000498
300547
603266
601137
600360
603839
300577
603716
300588
603690
603823
002825
600698
600898
603637
300572
603737
603585
300603
300582
603886
002790
300596
300539
300443
000820
600603
603218
300355
603360
002849
603039
002843
002053
603298
600403
603877
603615
603638
300612
002850
600234
603177
600680
600806
300610
002838
600996
603118
000545
002842
603689
600692
002618
603660
600939
000839
603966
603603
300597
603990
601858
002136
300575
300599
603881
603817
300613
603668
600800
002109
603036
300533
601188
002808
603929
603639
300591
601991
002852
000525
603444
002792
300616
603258
603665
603165
300609
603908
300619
603186
002552
002789
300552
603007
300617
600084
300636
300635
300633
300632
300372
002863
002862
002861
002860
002859
000155
000033
603926
603906
603826
603797
603586
603538
603385
603303
603225
603139
603078
603050
603041
601366
601228
600732
600710
300641
300639
300638
300637
