000050
002698
300053
002348
300170
600630
300109
300297
300047
002658
300166
300075
300161
300077
002339
002642
300358
300380
603698
002184
000410
300024
600765
300150
000662
300144
002089
600728
300353
000555
600487
000988
600120
000543
300327
600884
603993
603019
002300
300548
300308
300450
300236
300036
300017
300033
601519
002759
600680
002583
600879
000070
002405
601021
300136
300078
002609
002460
002624
002475
000413
603337
300409
002092
002310
300245
600289
300396
300458
600797
002279
300085
002148
002292
300044
300098
300115
002151
002023
002414
300339
300463
600584
600299
600820
000561
000839
600522
002407
300073
600509
002466
600773
002074
600388
000650
600563
002338
300306
300083
002241
300134
002450
600468
000009
600105
002491
002281
002594
002167
002724
002230
600345
600498
300502
300014
002465
000063
300562
300401
600198
300394
300294
300274
002576
002253
300159
002757
002833
002483
300334
600323
601199
000685
002222
600699
600516
002631
600869